0.640763118978
0.919272773835
0.526791434515
0.341928929054
0.447790357142
0.405842859329
0.584610448584
0.424351872024
0.872917832846
0.551562154008
0.827961879336
0.106957266499
0.170387774055
0.0632735074277
0.192811303225
0.299435337348
0.337238430457
0.139683281997
0.149706570591
0.778349595999
0.0349804210883
0.272529746587
0.383373485515
0.438567021965
0.893801366692
0.948009949376
0.231659427944
0.747304309928
0.254997307637
0.159215713953
0.0475682597427
0.167699710491
0.877269010268
0.793794328758
0.781308799227
0.0714171697161
0.429700728198
0.0847199780442
0.894604889961
0.685591898426
0.385466453035
0.900814137954
0.57280701152
0.399708387593
0.375670500141
0.278737989345
0.938546281396
0.276354050896
0.147105184065
0.359230983744
0.199813102024
0.17552991137
0.258506538491
0.0585163566953
0.630974690541
0.0729357008657
0.372991527289
0.157716549703
0.379055691653
0.378082210633
0.992122138913
0.246162716931
0.25345329408
0.910299345697
0.405782369748
0.960979788154
0.0770050784315
0.160558166226
0.313523962419
0.0505454452841
0.701110556366
0.836141623801
0.887226914122
0.262753861316
0.565739032002
0.463571822527
0.201377448322
0.408690866134
0.683876354966
0.039048180939
0.933213964555
0.468297309996
0.39167483582
0.975475135264
0.564030725069
0.620228949502
0.222602313075
0.532634385937
0.128301250324
0.655850673582
0.228175075056
0.00923300725155
0.840396485057
0.463817345995
0.536555081278
0.0191263492576
0.398286704427
0.913221550707
0.0356551072579
0.183430633238
