0.781547965982
0.0314083141384
0.686550607294
0.223443088967
0.910454498401
0.267939219443
0.200062453562
0.627950957244
0.0680047647352
0.699608632323
0.200722663061
0.27448134775
0.323466034888
0.33841261662
0.647240782118
0.173302173018
0.137770091567
0.300138379385
0.735311889381
0.835942069892
0.615089175925
0.0207661132429
0.542360398028
0.0711444446537
0.413394994273
0.00528726952748
0.397325132251
0.0931728494055
0.361461164953
0.687902358216
0.686453218535
0.0217273913742
0.00534198967636
0.375155538532
0.0240413751816
0.227582081418
0.401520547648
0.63425146799
0.239058522463
0.349005044931
0.65895595001
0.836443148028
0.48251035966
0.285702259281
0.318160471305
0.871713667967
0.977682202485
0.25113138978
0.980938060656
0.955647087513
0.785646852673
0.0752410010993
0.838538931009
0.451244652075
0.596932609476
0.319623558094
0.285007391861
0.85290349026
0.623690256402
0.835380661577
0.320103040145
0.395571238701
0.432523486911
0.111350228344
0.305534557042
0.639484725383
0.221153296992
0.693430596346
0.74998416969
0.615693637581
0.309844579453
0.0612346382016
0.2473975015
0.674572174629
0.889703176282
0.257633919625
0.699403386808
0.248813275066
0.0299616819905
0.683733585076
0.224263839279
0.399237368806
0.668196402855
0.0397839266004
0.502351614941
0.865929483573
0.641379024971
0.913674816623
0.327188332341
0.746150350272
0.149439746103
0.0705080346462
0.225065552617
0.541947056106
0.779926814997
0.0575885001194
0.411988704257
0.450116170106
0.0208110328818
0.118834621797
